1459,52
1459,51
1459,50
1459,49
1459,48
1459,47
1459,46
1459,45
1459,44
1459,43
1459,42
1459,41
1459,40
1459,39
1459,38
1459,37
1459,36
1459,35
10,135
1448,2
11,5
1448,1
1448,0
11,21
11,7
11,27
11,11
11,23
11,19
11,17
11,15
11,13
11,3
8,10
8,9
8,11
8,7
11,2
11,1
10,259
12,2
12,1
10,233
12,3
10,213
10,171
10,169
10,147
10,35
10,15
10,3
10,2
10,1
9,7
9,5
9,3
9,2
9,1
8,18
8,17
8,15
8,12
8,8
8,5
8,3
20,2
20,1
8,2
8,1
3,3
20,3
3,2
3,1
0,670
19,2
19,1
0,669
19,3
0,667
0,661
0,657
0,650
0,648
0,642
0,581
0,575
0,574
18,1
0,571
18,3
14,1
0,570
14,3
13,1
0,568
0,564
0,563
13,3
0,562
0,561
0,558
0,557
0,556
0,555
0,553
0,552
0,548
0,543
0,542
0,541
0,537
0,536
0,535
0,534
0,533
0,532
0,530
0,528
0,527
0,526
0,524
0,523
0,522
0,521
0,518
0,517
0,516
0,515
0,514
0,513
0,512
0,511
0,510
0,509
0,508
0,507
0,506
0,505
